9716
60744
27622
60746
13616
59515
68412
9897
9888
9646
9886
30589
9887
9899
39082
28680
10089
38775
10105
59523
10090
9891
10091
37293
10092
10129
57486
37190
39442
51014
10093
27634
10103
61156
36723
57737
9666
33556
77151
9768
9668
9769
9669
9771
36240
59527
59463
9902
29088
30520
42409
9904
56216
30521
66442
9915
61853
30522
59465
9906
34880
72004
27670
9913
9978
30301
10160
30594
9708
30596
9877
57378
9874
34884
10060
76772
9733
9614
34873
9612
9818
9615
9986
9923
59534
9925
9958
48560
61408
34865
30611
40233
34862
51338
37176
10185
30527
51154
9940
10141
37174
36226
59896
46360
9675
9863
9597
30592
9689
60711
9690
27675
9691
33548
9694
10085
29064
10029
59538
9678
46514
10166
42410
43321
10041
58060
10183
34846
41426
9728
38626
40229
9720
10020
9742
29091
42100
33562
59472
29137
59473
58063
59474
43332
43777
28737
27658
57060
9600
29078
48723
34844
37029
27687
37030
27606
61388
69308
59542
30602
55152
9685
9696
30609
59556
27682
59477
9595
59478
51346
61621
9711
59482
10181
30586
77598
27679
58069
39432
37186
30640
63631
34861
29086
55149
48744
56236
10137
42415
43179
42254
9725
62283
51337
30551
9962
9737
27615
37032
27610
9823
30588
9988
9981
9970
9983
59483
42731
50954
76717
48850
9657
9802
9622
9801
61383
10169
54601
54180
66434
9947
29159
66440
9974
9946
9659
9638
29065
9777
36722
10228
35658
70687
9773
79784
9662
9739
30548
9999
10047
55040
10036
9643
48708
9644
52113
29073
30608
59485
13151
29139
29092
9627
47230
9704
10058

